Приклади:

	Ділення:
		1. 21866 : 13
		2. 67756 : 52
		3. 650934 : 86
		4. 146198 : 26
		5. 201740 : 28
		6. 272500 : 50
		7. 82992 : 39
		8. 86880 : 10
		9. 241215 : 39
		10. 695524 : 82
		11. 63690 : 10
		12. 649300 : 86
		13. 85390 : 10
		14. 736542 : 83
		15. 385154 : 41
		16. 107086 : 14
		17. 691566 : 79
		18. 143045 : 61
		19. 820260 : 98
		20. 63640 : 43
		21. 108350 : 22
		22. 332452 : 34
		23. 309540 : 70
		24. 285635 : 35
		25. 718536 : 84
		26. 420954 : 51
		27. 205599 : 57
		28. 37308 : 12
		29. 252736 : 44
		30. 144840 : 20
		31. 158256 : 56
		32. 658339 : 97
		33. 240317 : 77
		34. 174086 : 41
		35. 69992 : 13
		36. 212064 : 96
		37. 530838 : 66
		38. 367540 : 85
		39. 815685 : 89
		40. 301944 : 46
		41. 479710 : 49
		42. 82719 : 39
		43. 141471 : 33
		44. 51270 : 15
		45. 31304 : 14
		46. 497054 : 62
		47. 266274 : 54
		48. 64664 : 59
		49. 755630 : 82
		50. 79504 : 16

	Множення:
		1. 2774 x 78
		2. 2796 x 17
		3. 9067 x 60
		4. 3380 x 29
		5. 9784 x 85
		6. 4168 x 14
		7. 7075 x 91
		8. 5369 x 54
		9. 1876 x 16
		10. 5667 x 26
		11. 1974 x 50
		12. 1329 x 72
		13. 6367 x 37
		14. 4248 x 49
		15. 5324 x 93
		16. 9585 x 83
		17. 5803 x 42
		18. 8602 x 31
		19. 5358 x 13
		20. 3573 x 56
		21. 7836 x 22
		22. 2700 x 66
		23. 8650 x 58
		24. 8764 x 35
		25. 7088 x 53
		26. 2351 x 47
		27. 8581 x 82
		28. 1368 x 50
		29. 9139 x 84
		30. 1221 x 20
		31. 2937 x 90
		32. 5776 x 27
		33. 1311 x 43
		34. 9147 x 95
		35. 6878 x 18
		36. 5291 x 99
		37. 5396 x 36
		38. 7707 x 92
		39. 3462 x 89
		40. 9430 x 75
		41. 1134 x 69
		42. 9186 x 43
		43. 6509 x 18
		44. 1698 x 78
		45. 3132 x 92
		46. 5873 x 22
		47. 4836 x 26
		48. 7132 x 13
		49. 8570 x 87
		50. 9975 x 15
